w=[       array([ [-0.24787289,  0.26165232, -1.0894574 ],
                [ 0.4839073 , -0.09182529, -0.7924107 ]], dtype=float32), 
       array([  [-0.3226822 ,  0.333397  ],
                [-0.1307455 ,  0.68999153],
                [ 1.726109  , -0.2920436 ]], dtype=float32)]


activation_test:[array([[-0.07751738, -0.18835695,  0.00148507],
                        [ 0.8282714 ,  0.19434303, -0.23729472]], dtype=float32), 
                 array([[1, 0],
                        [0, 1]])]
    
activation_train: [array([[-0.07751738, -0.18835695,  0.00148507],
                          [ 0.46605715, -0.5464757 , -0.83930874],
                          [ 0.8282714 ,  0.19434303, -0.23729472],
                          [ 0.943092  , -0.22209865, -0.898083  ]], dtype=float32), 
                array([   [1, 0],
                          [0, 1],
                          [0, 1],
                          [0, 1]])]